00000000000000000000000000000000000100000
00000022000000000000000000000000000000000
00000000000000000000000000000000000000000
00000000000000000000000000000000000000000
00000000000000000000000000000000000000000
00000000000000000000000000000000000000000
00000000000000000000000000000000000000000
00000000000000000000000000000000000000000
00000000000000000000000000000000000000000
00000000000000000000000000000000000000000
00000000000000000000000000000000000000000
00000000000000000000000000000000000000000
00000000000000000000033333300000000000000
00000000000000000000000000000000000000000
00000000000000000000000000000000000000000
00000000000000000000000000000000000100000
00000000000000000000000000000000000100000
00000000000000000000000000000000000100000
00000000000000000000000000000000000000000
00000000000000000000000000000000000000000
10000000000000000000000000000000000000000
10000000000000000000000000000000000000001
10000000000000000000000000000000000000001
